"rep"	"auc"	"tree_depth"	"maxdepth"	"dataset_name"	"IMPUTED"	"prop_NAs"
1	0.754132231404959	1	1	"House"	"Yes"	0
2	0.743801652892562	1	1	"House"	"Yes"	0
3	0.74828060522696	1	1	"House"	"Yes"	0
4	0.759972489683631	1	1	"House"	"Yes"	0
5	0.74484181568088	1	1	"House"	"Yes"	0
6	NA	1	1	"House"	"Yes"	0
7	0.760330578512397	1	1	"House"	"Yes"	0
8	0.740384615384615	1	1	"House"	"Yes"	0
9	0.745879120879121	1	1	"House"	"Yes"	0
10	0.745541838134431	1	1	"House"	"Yes"	0
11	NA	1	1	"House"	"Yes"	0
12	NA	1	1	"House"	"Yes"	0
13	0.753094910591472	1	1	"House"	"Yes"	0
14	0.74931129476584	1	1	"House"	"Yes"	0
15	0.744154057771664	1	1	"House"	"Yes"	0
1	0.85213204951857	2	2	"House"	"Yes"	0
2	0.872589531680441	2	2	"House"	"Yes"	0
3	0.857634112792297	2	2	"House"	"Yes"	0
4	0.839972527472527	2	2	"House"	"Yes"	0
5	0.857142857142857	2	2	"House"	"Yes"	0
6	0.865384615384615	2	2	"House"	"Yes"	0
7	0.852537722908093	2	2	"House"	"Yes"	0
8	0.857931034482759	2	2	"House"	"Yes"	0
9	0.859009628610729	2	2	"House"	"Yes"	0
10	0.88	2	2	"House"	"Yes"	0
11	0.715038972948189	2	2	"House"	"Yes"	0
12	0.866391184573003	2	2	"House"	"Yes"	0
13	0.869505494505495	2	2	"House"	"Yes"	0
14	0.855862068965517	2	2	"House"	"Yes"	0
15	0.868312757201646	2	2	"House"	"Yes"	0
1	0.87396694214876	3	3	"House"	"Yes"	0
2	0.8559670781893	3	3	"House"	"Yes"	0
3	0.940934065934066	3	3	"House"	"Yes"	0
4	0.854195323246217	3	3	"House"	"Yes"	0
5	0.880165289256198	3	3	"House"	"Yes"	0
6	0.620192307692308	3	3	"House"	"Yes"	0
7	0.866941015089163	3	3	"House"	"Yes"	0
8	0.89010989010989	3	3	"House"	"Yes"	0
9	0.891483516483517	3	3	"House"	"Yes"	0
10	0.953983516483517	3	3	"House"	"Yes"	0
11	0.392318244170096	3	3	"House"	"Yes"	0
12	0.865199449793673	3	3	"House"	"Yes"	0
13	NA	3	3	"House"	"Yes"	0
14	0.81636863823934	3	3	"House"	"Yes"	0
15	0.693030719853278	3	3	"House"	"Yes"	0
1	0.362825788751715	4	4	"House"	"Yes"	0
2	0.900548696844993	4	4	"House"	"Yes"	0
3	0.942994505494505	4	4	"House"	"Yes"	0
4	NA	4	4	"House"	"Yes"	0
5	0.891483516483517	4	4	"House"	"Yes"	0
6	0.875515818431912	4	4	"House"	"Yes"	0
7	0.750114626318203	4	4	"House"	"Yes"	0
8	0.877747252747253	4	4	"House"	"Yes"	0
9	0.885832187070151	4	4	"House"	"Yes"	0
10	0.877229080932785	4	4	"House"	"Yes"	0
11	NA	4	4	"House"	"Yes"	0
12	0.745529573590096	4	4	"House"	"Yes"	0
13	0.865887207702889	4	4	"House"	"Yes"	0
14	0.737734983952315	4	4	"House"	"Yes"	0
15	0.848005502063274	4	4	"House"	"Yes"	0
1	0.867101648351648	5	5	"House"	"Yes"	0
2	0.949931412894376	5	5	"House"	"Yes"	0
3	0.876891334250344	5	5	"House"	"Yes"	0
4	0.874313186813187	5	5	"House"	"Yes"	0
5	0.876203576341128	5	5	"House"	"Yes"	0
6	0.956387362637363	5	5	"House"	"Yes"	0
7	0.878266850068776	5	5	"House"	"Yes"	0
8	0.864883401920439	5	5	"House"	"Yes"	0
9	0.798620689655172	5	5	"House"	"Yes"	0
10	0.682005494505495	5	5	"House"	"Yes"	0
11	0.891483516483517	5	5	"House"	"Yes"	0
12	0.774104683195592	5	5	"House"	"Yes"	0
13	0.656593406593407	5	5	"House"	"Yes"	0
14	0.876891334250344	5	5	"House"	"Yes"	0
15	0.880330123796424	5	5	"House"	"Yes"	0
1	NA	6	6	"House"	"Yes"	0
2	0.684752747252747	6	6	"House"	"Yes"	0
3	0.89010989010989	6	6	"House"	"Yes"	0
4	0.935528120713306	6	6	"House"	"Yes"	0
5	0.97119341563786	6	6	"House"	"Yes"	0
6	0.754011921137093	6	6	"House"	"Yes"	0
7	0.967764060356653	6	6	"House"	"Yes"	0
8	0.917695473251029	6	6	"House"	"Yes"	0
9	0.908093278463649	6	6	"House"	"Yes"	0
10	0.862258953168044	6	6	"House"	"Yes"	0
11	0.759297520661157	6	6	"House"	"Yes"	0
12	0.945130315500686	6	6	"House"	"Yes"	0
13	0.88101788170564	6	6	"House"	"Yes"	0
14	0.849381017881706	6	6	"House"	"Yes"	0
15	0.89437585733882	6	6	"House"	"Yes"	0
1	0.932005494505495	7	7	"House"	"Yes"	0
2	0.650068681318681	7	7	"House"	"Yes"	0
3	0.904532967032967	7	7	"House"	"Yes"	0
4	0.938271604938272	7	7	"House"	"Yes"	0
5	0.92798353909465	7	7	"House"	"Yes"	0
6	0.775998622589532	7	7	"House"	"Yes"	0
7	0.638392857142857	7	7	"House"	"Yes"	0
8	0.449175824175824	7	7	"House"	"Yes"	0
9	0.733837689133425	7	7	"House"	"Yes"	0
10	0.648071625344353	7	7	"House"	"Yes"	0
11	0.723979825767996	7	7	"House"	"Yes"	0
12	0.913571756075195	7	7	"House"	"Yes"	0
13	0.953360768175583	7	7	"House"	"Yes"	0
14	0.665289256198347	7	7	"House"	"Yes"	0
15	0.706043956043956	7	7	"House"	"Yes"	0
1	0.708333333333333	8	8	"House"	"Yes"	0
2	0.929258241758242	8	8	"House"	"Yes"	0
3	0.628090659340659	8	8	"House"	"Yes"	0
4	NA	8	8	"House"	"Yes"	0
5	0.853909465020576	8	8	"House"	"Yes"	0
6	0.911522633744856	8	8	"House"	"Yes"	0
7	0.438957475994513	8	8	"House"	"Yes"	0
8	0.8559670781893	8	8	"House"	"Yes"	0
9	0.662190082644628	8	8	"House"	"Yes"	0
10	0.93758573388203	8	8	"House"	"Yes"	0
11	0.617835855112334	8	8	"House"	"Yes"	0
12	0.936899862825789	8	8	"House"	"Yes"	0
13	0.446502057613169	8	8	"House"	"Yes"	0
14	0.738651994497937	8	8	"House"	"Yes"	0
15	0.878777472527473	8	8	"House"	"Yes"	0
1	0.618065107748739	9	9	"House"	"Yes"	0
2	0.484203296703297	9	9	"House"	"Yes"	0
3	0.924793956043956	9	9	"House"	"Yes"	0
4	0.45679012345679	9	9	"House"	"Yes"	0
5	0.817493112947658	9	9	"House"	"Yes"	0
6	0.791838606143971	9	9	"House"	"Yes"	0
7	0.661931034482759	9	9	"House"	"Yes"	0
8	0.643034482758621	9	9	"House"	"Yes"	0
9	NA	9	9	"House"	"Yes"	0
10	0.434156378600823	9	9	"House"	"Yes"	0
11	NA	9	9	"House"	"Yes"	0
12	0.456730769230769	9	9	"House"	"Yes"	0
13	0.547176308539945	9	9	"House"	"Yes"	0
14	0.472565157750343	9	9	"House"	"Yes"	0
15	0.969050894085282	9	9	"House"	"Yes"	0
1	0.457988980716253	10	10	"House"	"Yes"	0
2	0.648760330578512	10	10	"House"	"Yes"	0
3	0.684752747252747	10	10	"House"	"Yes"	0
4	0.480769230769231	10	10	"House"	"Yes"	0
5	0.97599451303155	10	10	"House"	"Yes"	0
6	0.442994505494505	10	10	"House"	"Yes"	0
7	0.875857338820302	10	10	"House"	"Yes"	0
8	0.674107142857143	10	10	"House"	"Yes"	0
9	0.854595336076818	10	10	"House"	"Yes"	0
10	0.944444444444444	10	10	"House"	"Yes"	0
11	NA	10	10	"House"	"Yes"	0
12	0.696625344352617	10	10	"House"	"Yes"	0
13	0.452544704264099	10	10	"House"	"Yes"	0
14	0.707760989010989	10	10	"House"	"Yes"	0
15	0.680975274725275	10	10	"House"	"Yes"	0
1	0.476648351648352	11	11	"House"	"Yes"	0
2	0.788858321870701	11	11	"House"	"Yes"	0
3	0.627235213204952	11	11	"House"	"Yes"	0
4	0.429258241758242	11	11	"House"	"Yes"	0
5	0.761118752865658	11	11	"House"	"Yes"	0
6	0.679601648351648	11	11	"House"	"Yes"	0
7	NA	11	11	"House"	"Yes"	0
8	0.489697802197802	11	11	"House"	"Yes"	0
9	0.482806052269601	11	11	"House"	"Yes"	0
10	0.446428571428571	11	11	"House"	"Yes"	0
11	0.495873452544704	11	11	"House"	"Yes"	0
12	0.474587912087912	11	11	"House"	"Yes"	0
13	NA	11	11	"House"	"Yes"	0
14	0.462225274725275	11	11	"House"	"Yes"	0
15	0.991083676268861	11	11	"House"	"Yes"	0
1	0.444903581267218	12	12	"House"	"Yes"	0
2	0.444979367262724	12	12	"House"	"Yes"	0
3	NA	12	12	"House"	"Yes"	0
4	0.943072702331962	12	12	"House"	"Yes"	0
5	0.458046767537827	12	12	"House"	"Yes"	0
6	0.618752865657955	12	12	"House"	"Yes"	0
7	0.653828519027969	12	12	"House"	"Yes"	0
8	0.487654320987654	12	12	"House"	"Yes"	0
9	NA	12	12	"House"	"Yes"	0
10	0.484203296703297	12	12	"House"	"Yes"	0
11	0.495179063360882	12	12	"House"	"Yes"	0
12	0.497252747252747	12	12	"House"	"Yes"	0
13	0.482167352537723	12	12	"House"	"Yes"	0
14	0.582068965517241	12	12	"House"	"Yes"	0
15	0.496551724137931	12	12	"House"	"Yes"	0
1	0.572413793103448	13	13	"House"	"Yes"	0
2	0.457475994513032	13	13	"House"	"Yes"	0
3	0.449931412894376	13	13	"House"	"Yes"	0
4	0.49312242090784	13	13	"House"	"Yes"	0
5	0.478021978021978	13	13	"House"	"Yes"	0
6	0.497931034482759	13	13	"House"	"Yes"	0
7	0.495879120879121	13	13	"House"	"Yes"	0
8	0.487637362637363	13	13	"House"	"Yes"	0
9	0.487654320987654	13	13	"House"	"Yes"	0
10	0.925034387895461	13	13	"House"	"Yes"	0
11	0.493818681318681	13	13	"House"	"Yes"	0
12	0.458847736625514	13	13	"House"	"Yes"	0
13	0.939643347050754	13	13	"House"	"Yes"	0
14	NA	13	13	"House"	"Yes"	0
15	0.462809917355372	13	13	"House"	"Yes"	0
1	0.453983516483516	14	14	"House"	"Yes"	0
2	0.492424242424242	14	14	"House"	"Yes"	0
3	0.730716253443526	14	14	"House"	"Yes"	0
4	0.496565934065934	14	14	"House"	"Yes"	0
5	0.493801652892562	14	14	"House"	"Yes"	0
6	0.99519890260631	14	14	"House"	"Yes"	0
7	NA	14	14	"House"	"Yes"	0
8	0.473177441540578	14	14	"House"	"Yes"	0
9	0.497252747252747	14	14	"House"	"Yes"	0
10	0.583849862258953	14	14	"House"	"Yes"	0
11	0.486282578875171	14	14	"House"	"Yes"	0
12	0.497942386831276	14	14	"House"	"Yes"	0
13	0.632049518569464	14	14	"House"	"Yes"	0
14	0.497936726272352	14	14	"House"	"Yes"	0
15	0.488308115543329	14	14	"House"	"Yes"	0
1	0.494505494505495	15	15	"House"	"Yes"	0
2	0.481456043956044	15	15	"House"	"Yes"	0
3	0.498624484181568	15	15	"House"	"Yes"	0
4	0.483539094650206	15	15	"House"	"Yes"	0
5	0.49312242090784	15	15	"House"	"Yes"	0
6	0.491758241758242	15	15	"House"	"Yes"	0
7	0.495867768595041	15	15	"House"	"Yes"	0
8	0.499313186813187	15	15	"House"	"Yes"	0
9	0.49931129476584	15	15	"House"	"Yes"	0
10	0.494505494505495	15	15	"House"	"Yes"	0
11	0.469093406593407	15	15	"House"	"Yes"	0
12	0.732486263736264	15	15	"House"	"Yes"	0
13	0.495879120879121	15	15	"House"	"Yes"	0
14	0.499309392265193	15	15	"House"	"Yes"	0
15	0.724931318681319	15	15	"House"	"Yes"	0
1	0.681318681318681	1	1	"House"	"Yes"	0.7
2	0.5	0	1	"House"	"Yes"	0.7
3	0.5	0	1	"House"	"Yes"	0.7
4	0.5	0	1	"House"	"Yes"	0.7
5	0.5	0	1	"House"	"Yes"	0.7
6	0.591013296652911	1	1	"House"	"Yes"	0.7
7	0.928669410150892	1	1	"House"	"Yes"	0.7
8	0.0769230769230769	1	1	"House"	"Yes"	0.7
9	0.5	0	1	"House"	"Yes"	0.7
10	0.5	0	1	"House"	"Yes"	0.7
11	0.427097661623109	1	1	"House"	"Yes"	0.7
12	0.5	0	1	"House"	"Yes"	0.7
13	0.318681318681319	1	1	"House"	"Yes"	0.7
14	0.425240054869685	1	1	"House"	"Yes"	0.7
15	0.925925925925926	1	1	"House"	"Yes"	0.7
1	NA	2	2	"House"	"Yes"	0.7
2	0.436899862825789	2	2	"House"	"Yes"	0.7
3	0.599037138927098	2	2	"House"	"Yes"	0.7
4	0.576236263736264	2	2	"House"	"Yes"	0.7
5	0.497933884297521	2	2	"House"	"Yes"	0.7
6	0.765703805593764	2	2	"House"	"Yes"	0.7
7	0.0823045267489712	2	2	"House"	"Yes"	0.7
8	0.0747599451303155	2	2	"House"	"Yes"	0.7
9	0.650205761316872	2	2	"House"	"Yes"	0.7
10	0.49793956043956	2	2	"House"	"Yes"	0.7
11	0.591172413793103	2	2	"House"	"Yes"	0.7
12	0.576236263736264	2	2	"House"	"Yes"	0.7
13	0.445816186556927	2	2	"House"	"Yes"	0.7
14	0.761118752865658	2	2	"House"	"Yes"	0.7
15	NA	2	2	"House"	"Yes"	0.7
1	0.469509399358093	3	3	"House"	"Yes"	0.7
2	0.518543956043956	3	3	"House"	"Yes"	0.7
3	0.699724517906336	3	3	"House"	"Yes"	0.7
4	0.541953232462173	3	3	"House"	"Yes"	0.7
5	0.73282967032967	3	3	"House"	"Yes"	0.7
6	NA	3	3	"House"	"Yes"	0.7
7	0.491746905089409	3	3	"House"	"Yes"	0.7
8	0.506172839506173	3	3	"House"	"Yes"	0.7
9	NA	3	3	"House"	"Yes"	0.7
10	0.56301652892562	3	3	"House"	"Yes"	0.7
11	0.507554945054945	3	3	"House"	"Yes"	0.7
12	0.441620879120879	3	3	"House"	"Yes"	0.7
13	0.398351648351648	3	3	"House"	"Yes"	0.7
14	0.729052197802198	3	3	"House"	"Yes"	0.7
15	0.517857142857143	3	3	"House"	"Yes"	0.7
1	NA	4	4	"House"	"Yes"	0.7
2	0.679601648351648	4	4	"House"	"Yes"	0.7
3	0.657496561210454	4	4	"House"	"Yes"	0.7
4	0.498626373626374	4	4	"House"	"Yes"	0.7
5	0.564471879286694	4	4	"House"	"Yes"	0.7
6	0.582644628099174	4	4	"House"	"Yes"	0.7
7	0.226337448559671	4	4	"House"	"Yes"	0.7
8	0.46551724137931	4	4	"House"	"Yes"	0.7
9	0.68019257221458	4	4	"House"	"Yes"	0.7
10	0.553546831955923	4	4	"House"	"Yes"	0.7
11	0.602206896551724	4	4	"House"	"Yes"	0.7
12	0.925925925925926	4	4	"House"	"Yes"	0.7
13	NA	4	4	"House"	"Yes"	0.7
14	0.709821428571429	4	4	"House"	"Yes"	0.7
15	0.726239669421488	4	4	"House"	"Yes"	0.7
1	0.696551724137931	5	5	"House"	"Yes"	0.7
2	0.61448275862069	5	5	"House"	"Yes"	0.7
3	0.522210743801653	5	5	"House"	"Yes"	0.7
4	0.526442307692308	5	5	"House"	"Yes"	0.7
5	0.662551440329218	5	5	"House"	"Yes"	0.7
6	0.525377229080933	5	5	"House"	"Yes"	0.7
7	0.450892857142857	5	5	"House"	"Yes"	0.7
8	0.432828977533242	5	5	"House"	"Yes"	0.7
9	0.671016483516483	5	5	"House"	"Yes"	0.7
10	0.468449931412894	5	5	"House"	"Yes"	0.7
11	0.550103305785124	5	5	"House"	"Yes"	0.7
12	0.68870523415978	5	5	"House"	"Yes"	0.7
13	0.671467764060357	5	5	"House"	"Yes"	0.7
14	0.544704264099037	5	5	"House"	"Yes"	0.7
15	0.504120879120879	5	5	"House"	"Yes"	0.7
1	0.640990371389271	6	6	"House"	"Yes"	0.7
2	0.660812672176309	6	6	"House"	"Yes"	0.7
3	0.321641448876662	6	6	"House"	"Yes"	0.7
4	0.833104080696928	6	6	"House"	"Yes"	0.7
5	0.9375	6	6	"House"	"Yes"	0.7
6	0.690738193489225	6	6	"House"	"Yes"	0.7
7	0.907381934892251	6	6	"House"	"Yes"	0.7
8	0.422733516483516	6	6	"House"	"Yes"	0.7
9	NA	6	6	"House"	"Yes"	0.7
10	0.534158642824393	6	6	"House"	"Yes"	0.7
11	0.621399176954732	6	6	"House"	"Yes"	0.7
12	0.165521978021978	6	6	"House"	"Yes"	0.7
13	0.681109582760202	6	6	"House"	"Yes"	0.7
14	0.415461432506887	6	6	"House"	"Yes"	0.7
15	0.92032967032967	6	6	"House"	"Yes"	0.7
1	0.535310344827586	7	7	"House"	"Yes"	0.7
2	NA	7	7	"House"	"Yes"	0.7
3	0.816287878787879	7	7	"House"	"Yes"	0.7
4	0.413223140495868	7	7	"House"	"Yes"	0.7
5	0.576131687242798	7	7	"House"	"Yes"	0.7
6	0.732462173314993	7	7	"House"	"Yes"	0.7
7	0.133744855967078	7	7	"House"	"Yes"	0.7
8	0.61898211829436	7	7	"House"	"Yes"	0.7
9	0.655692729766804	7	7	"House"	"Yes"	0.7
10	0.789491758241758	7	7	"House"	"Yes"	0.7
11	0.502521779000458	7	7	"House"	"Yes"	0.7
12	0.65728021978022	7	7	"House"	"Yes"	0.7
13	0.66162310866575	7	7	"House"	"Yes"	0.7
14	0.431318681318681	7	7	"House"	"Yes"	0.7
15	0.481655172413793	7	7	"House"	"Yes"	0.7
1	0.815451627693718	8	8	"House"	"Yes"	0.7
2	0.576101928374656	8	8	"House"	"Yes"	0.7
3	0.430288461538462	8	8	"House"	"Yes"	0.7
4	0.742896551724138	8	8	"House"	"Yes"	0.7
5	0.718707015130674	8	8	"House"	"Yes"	0.7
6	0.433516735442458	8	8	"House"	"Yes"	0.7
7	0.56112258953168	8	8	"House"	"Yes"	0.7
8	0.505960568546538	8	8	"House"	"Yes"	0.7
9	0.554238292827504	8	8	"House"	"Yes"	0.7
10	0.442620689655172	8	8	"House"	"Yes"	0.7
11	0.387706043956044	8	8	"House"	"Yes"	0.7
12	NA	8	8	"House"	"Yes"	0.7
13	0.471497252747253	8	8	"House"	"Yes"	0.7
14	0.479367262723521	8	8	"House"	"Yes"	0.7
15	0.457300275482094	8	8	"House"	"Yes"	0.7
1	0.489026063100137	9	9	"House"	"Yes"	0.7
2	0.423763736263736	9	9	"House"	"Yes"	0.7
3	0.592032967032967	9	9	"House"	"Yes"	0.7
4	0.627922971114168	9	9	"House"	"Yes"	0.7
5	0.500687757909216	9	9	"House"	"Yes"	0.7
6	0.609353507565337	9	9	"House"	"Yes"	0.7
7	0.838620689655172	9	9	"House"	"Yes"	0.7
8	0.310408069692801	9	9	"House"	"Yes"	0.7
9	0.231086657496561	9	9	"House"	"Yes"	0.7
10	0.444024725274725	9	9	"House"	"Yes"	0.7
11	0.730452674897119	9	9	"House"	"Yes"	0.7
12	0.652949245541838	9	9	"House"	"Yes"	0.7
13	0.366563360881543	9	9	"House"	"Yes"	0.7
14	0.495867768595041	9	9	"House"	"Yes"	0.7
15	0.49610270518111	9	9	"House"	"Yes"	0.7
1	0.616758241758242	10	10	"House"	"Yes"	0.7
2	0.135802469135802	10	10	"House"	"Yes"	0.7
3	0.608367626886145	10	10	"House"	"Yes"	0.7
4	0.557379310344828	10	10	"House"	"Yes"	0.7
5	0.595123626373626	10	10	"House"	"Yes"	0.7
6	0.179012345679012	10	10	"House"	"Yes"	0.7
7	0.705639614855571	10	10	"House"	"Yes"	0.7
8	0.650826446280992	10	10	"House"	"Yes"	0.7
9	0.448489010989011	10	10	"House"	"Yes"	0.7
10	0.512913223140496	10	10	"House"	"Yes"	0.7
11	0.396148555708391	10	10	"House"	"Yes"	0.7
12	0.414944903581267	10	10	"House"	"Yes"	0.7
13	0.380681818181818	10	10	"House"	"Yes"	0.7
14	0.717032967032967	10	10	"House"	"Yes"	0.7
15	0.800480769230769	10	10	"House"	"Yes"	0.7
1	0.504120879120879	11	11	"House"	"Yes"	0.7
2	0.652263374485597	11	11	"House"	"Yes"	0.7
3	0.580467675378267	11	11	"House"	"Yes"	0.7
4	0.577953296703297	11	11	"House"	"Yes"	0.7
5	0.775103163686382	11	11	"House"	"Yes"	0.7
6	0.187242798353909	11	11	"House"	"Yes"	0.7
7	0.262688614540466	11	11	"House"	"Yes"	0.7
8	0.689300411522634	11	11	"House"	"Yes"	0.7
9	0.183379120879121	11	11	"House"	"Yes"	0.7
10	0.266117969821674	11	11	"House"	"Yes"	0.7
11	0.245541838134431	11	11	"House"	"Yes"	0.7
12	0.639807162534435	11	11	"House"	"Yes"	0.7
13	0.604395604395604	11	11	"House"	"Yes"	0.7
14	0.779876373626374	11	11	"House"	"Yes"	0.7
15	0.652949245541838	11	11	"House"	"Yes"	0.7
1	0.226337448559671	12	12	"House"	"Yes"	0.7
2	0.202331961591221	12	12	"House"	"Yes"	0.7
3	0.424242424242424	12	12	"House"	"Yes"	0.7
4	0.579550664832646	12	12	"House"	"Yes"	0.7
5	NA	12	12	"House"	"Yes"	0.7
6	0.733882030178326	12	12	"House"	"Yes"	0.7
7	0.43767217630854	12	12	"House"	"Yes"	0.7
8	0.558984910836763	12	12	"House"	"Yes"	0.7
9	0.512838147638698	12	12	"House"	"Yes"	0.7
10	0.221536351165981	12	12	"House"	"Yes"	0.7
11	0.222222222222222	12	12	"House"	"Yes"	0.7
12	0.601508916323731	12	12	"House"	"Yes"	0.7
13	0.436267767079321	12	12	"House"	"Yes"	0.7
14	0.603994490358127	12	12	"House"	"Yes"	0.7
15	0.415034482758621	12	12	"House"	"Yes"	0.7
1	NA	13	13	"House"	"Yes"	0.7
2	0.750342935528121	13	13	"House"	"Yes"	0.7
3	0.307956104252401	13	13	"House"	"Yes"	0.7
4	0.713305898491084	13	13	"House"	"Yes"	0.7
5	0.935528120713306	13	13	"House"	"Yes"	0.7
6	0.792755616689592	13	13	"House"	"Yes"	0.7
7	0.358815426997245	13	13	"House"	"Yes"	0.7
8	0.490041208791209	13	13	"House"	"Yes"	0.7
9	NA	13	13	"House"	"Yes"	0.7
10	0.427197802197802	13	13	"House"	"Yes"	0.7
11	0.999314128943759	13	13	"House"	"Yes"	0.7
12	0.569005043558001	13	13	"House"	"Yes"	0.7
13	0.572314049586777	13	13	"House"	"Yes"	0.7
14	0.547172413793103	13	13	"House"	"Yes"	0.7
15	0.328684573002755	13	13	"House"	"Yes"	0.7
1	0.303155006858711	14	14	"House"	"Yes"	0.7
2	NA	14	14	"House"	"Yes"	0.7
3	0.448832417582418	14	14	"House"	"Yes"	0.7
4	NA	14	14	"House"	"Yes"	0.7
5	0.51407967032967	14	14	"House"	"Yes"	0.7
6	0.49931129476584	14	14	"House"	"Yes"	0.7
7	0.347546996790463	14	14	"House"	"Yes"	0.7
8	0.422971114167813	14	14	"House"	"Yes"	0.7
9	0.486225895316804	14	14	"House"	"Yes"	0.7
10	0.273415977961433	14	14	"House"	"Yes"	0.7
11	0.479338842975207	14	14	"House"	"Yes"	0.7
12	0.534340659340659	14	14	"House"	"Yes"	0.7
13	0.574048601558918	14	14	"House"	"Yes"	0.7
14	0.496790463090326	14	14	"House"	"Yes"	0.7
15	0.507554945054945	14	14	"House"	"Yes"	0.7
1	0.292011019283747	15	15	"House"	"Yes"	0.7
2	0.254120879120879	15	15	"House"	"Yes"	0.7
3	0.224965706447188	15	15	"House"	"Yes"	0.7
4	NA	15	15	"House"	"Yes"	0.7
5	0.288065843621399	15	15	"House"	"Yes"	0.7
6	0.455754241173773	15	15	"House"	"Yes"	0.7
7	0.366116460339294	15	15	"House"	"Yes"	0.7
8	NA	15	15	"House"	"Yes"	0.7
9	0.292297111416781	15	15	"House"	"Yes"	0.7
10	0.757201646090535	15	15	"House"	"Yes"	0.7
11	0.572902338376891	15	15	"House"	"Yes"	0.7
12	0.430631868131868	15	15	"House"	"Yes"	0.7
13	0.395460797799175	15	15	"House"	"Yes"	0.7
14	0.730082417582418	15	15	"House"	"Yes"	0.7
15	NA	15	15	"House"	"Yes"	0.7
1	0.744154057771664	1	1	"House"	"No"	0
2	0.748626373626374	1	1	"House"	"No"	0
3	0.750342935528121	1	1	"House"	"No"	0
4	0.739339752407153	1	1	"House"	"No"	0
5	0.752066115702479	1	1	"House"	"No"	0
6	0.75171939477304	1	1	"House"	"No"	0
7	0.746565934065934	1	1	"House"	"No"	0
8	0.752400548696845	1	1	"House"	"No"	0
9	0.753443526170799	1	1	"House"	"No"	0
10	0.753086419753086	1	1	"House"	"No"	0
11	0.746227709190672	1	1	"House"	"No"	0
12	0.76304945054945	1	1	"House"	"No"	0
13	0.757554945054945	1	1	"House"	"No"	0
14	0.745879120879121	1	1	"House"	"No"	0
15	0.74931129476584	1	1	"House"	"No"	0
1	0.850756533700138	2	2	"House"	"No"	0
2	0.860576923076923	2	2	"House"	"No"	0
3	0.854395604395604	2	2	"House"	"No"	0
4	0.850756533700138	2	2	"House"	"No"	0
5	0.85782967032967	2	2	"House"	"No"	0
6	0.850756533700138	2	2	"House"	"No"	0
7	NA	2	2	"House"	"No"	0
8	0.87997256515775	2	2	"House"	"No"	0
9	0.855862068965517	2	2	"House"	"No"	0
10	0.861454046639232	2	2	"House"	"No"	0
11	0.854395604395604	2	2	"House"	"No"	0
12	0.84228650137741	2	2	"House"	"No"	0
13	0.887517146776406	2	2	"House"	"No"	0
14	0.863823933975241	2	2	"House"	"No"	0
15	0.855371900826446	2	2	"House"	"No"	0
1	NA	3	3	"House"	"No"	0
2	NA	3	3	"House"	"No"	0
3	0.86195054945055	3	3	"House"	"No"	0
4	NA	3	3	"House"	"No"	0
5	0.8707015130674	3	3	"House"	"No"	0
6	0.771694214876033	3	3	"House"	"No"	0
7	0.850068775790922	3	3	"House"	"No"	0
8	NA	3	3	"House"	"No"	0
9	NA	3	3	"House"	"No"	0
10	NA	3	3	"House"	"No"	0
11	0.867445054945055	3	3	"House"	"No"	0
12	0.894628099173554	3	3	"House"	"No"	0
13	0.698532783127006	3	3	"House"	"No"	0
14	0.872077028885832	3	3	"House"	"No"	0
15	0.728275862068966	3	3	"House"	"No"	0
1	0.885459533607682	4	4	"House"	"No"	0
2	0.896291208791209	4	4	"House"	"No"	0
3	0.940247252747253	4	4	"House"	"No"	0
4	0.892857142857143	4	4	"House"	"No"	0
5	0.603708791208791	4	4	"House"	"No"	0
6	0.926510989010989	4	4	"House"	"No"	0
7	0.873626373626374	4	4	"House"	"No"	0
8	0.891483516483517	4	4	"House"	"No"	0
9	0.992455418381344	4	4	"House"	"No"	0
10	0.879871618523613	4	4	"House"	"No"	0
11	0.846153846153846	4	4	"House"	"No"	0
12	0.888257575757576	4	4	"House"	"No"	0
13	0.878600823045268	4	4	"House"	"No"	0
14	0.775137741046832	4	4	"House"	"No"	0
15	0.677197802197802	4	4	"House"	"No"	0
1	0.831275720164609	5	5	"House"	"No"	0
2	0.885144429160935	5	5	"House"	"No"	0
3	0.769628099173554	5	5	"House"	"No"	0
4	0.860385144429161	5	5	"House"	"No"	0
5	0.92529926335175	5	5	"House"	"No"	0
6	0.754241173773498	5	5	"House"	"No"	0
7	0.384087791495199	5	5	"House"	"No"	0
8	0.82716049382716	5	5	"House"	"No"	0
9	0.915865384615385	5	5	"House"	"No"	0
10	NA	5	5	"House"	"No"	0
11	NA	5	5	"House"	"No"	0
12	0.703576341127923	5	5	"House"	"No"	0
13	0.940165061898212	5	5	"House"	"No"	0
14	NA	5	5	"House"	"No"	0
15	0.964285714285714	5	5	"House"	"No"	0
1	0.695741758241758	6	6	"House"	"No"	0
2	0.765432098765432	6	6	"House"	"No"	0
3	0.82716049382716	6	6	"House"	"No"	0
4	0.880658436213992	6	6	"House"	"No"	0
5	0.914266117969822	6	6	"House"	"No"	0
6	0.894917582417582	6	6	"House"	"No"	0
7	NA	6	6	"House"	"No"	0
8	0.887052341597796	6	6	"House"	"No"	0
9	0.934842249657064	6	6	"House"	"No"	0
10	0.39217032967033	6	6	"House"	"No"	0
11	NA	6	6	"House"	"No"	0
12	0.438271604938272	6	6	"House"	"No"	0
13	0.814896551724138	6	6	"House"	"No"	0
14	0.923868312757202	6	6	"House"	"No"	0
15	NA	6	6	"House"	"No"	0
1	0.968449931412894	7	7	"House"	"No"	0
2	0.43543956043956	7	7	"House"	"No"	0
3	0.666150137741047	7	7	"House"	"No"	0
4	0.659684065934066	7	7	"House"	"No"	0
5	0.904401650618982	7	7	"House"	"No"	0
6	NA	7	7	"House"	"No"	0
7	0.941015089163237	7	7	"House"	"No"	0
8	0.565771349862259	7	7	"House"	"No"	0
9	0.705013736263736	7	7	"House"	"No"	0
10	NA	7	7	"House"	"No"	0
11	NA	7	7	"House"	"No"	0
12	0.716643741403026	7	7	"House"	"No"	0
13	0.872427983539095	7	7	"House"	"No"	0
14	0.665865384615385	7	7	"House"	"No"	0
15	0.918269230769231	7	7	"House"	"No"	0
1	0.419067215363512	8	8	"House"	"No"	0
2	0.548137931034483	8	8	"House"	"No"	0
3	0.419067215363512	8	8	"House"	"No"	0
4	0.632554945054945	8	8	"House"	"No"	0
5	NA	8	8	"House"	"No"	0
6	0.952674897119342	8	8	"House"	"No"	0
7	0.842935528120713	8	8	"House"	"No"	0
8	0.704137931034483	8	8	"House"	"No"	0
9	0.913804945054945	8	8	"House"	"No"	0
10	0.743237047226043	8	8	"House"	"No"	0
11	0.691620879120879	8	8	"House"	"No"	0
12	0.794421487603306	8	8	"House"	"No"	0
13	0.679752066115702	8	8	"House"	"No"	0
14	0.887517146776406	8	8	"House"	"No"	0
15	0.603622191655204	8	8	"House"	"No"	0
1	0.958161865569273	9	9	"House"	"No"	0
2	0.689217032967033	9	9	"House"	"No"	0
3	0.451236263736264	9	9	"House"	"No"	0
4	0.617377349839523	9	9	"House"	"No"	0
5	0.688873626373626	9	9	"House"	"No"	0
6	0.710851648351648	9	9	"House"	"No"	0
7	0.450549450549451	9	9	"House"	"No"	0
8	0.636405318661165	9	9	"House"	"No"	0
9	0.443072702331962	9	9	"House"	"No"	0
10	0.690934065934066	9	9	"House"	"No"	0
11	0.697658402203857	9	9	"House"	"No"	0
12	0.659340659340659	9	9	"House"	"No"	0
13	0.698347107438017	9	9	"House"	"No"	0
14	NA	9	9	"House"	"No"	0
15	0.425240054869685	9	9	"House"	"No"	0
1	0.790004585052728	10	10	"House"	"No"	0
2	0.658653846153846	10	10	"House"	"No"	0
3	0.424450549450549	10	10	"House"	"No"	0
4	0.467078189300412	10	10	"House"	"No"	0
5	0.909465020576132	10	10	"House"	"No"	0
6	0.952674897119342	10	10	"House"	"No"	0
7	0.68698347107438	10	10	"House"	"No"	0
8	0.462912087912088	10	10	"House"	"No"	0
9	0.60820724438331	10	10	"House"	"No"	0
10	0.664689655172414	10	10	"House"	"No"	0
11	0.70157967032967	10	10	"House"	"No"	0
12	0.777854195323246	10	10	"House"	"No"	0
13	0.887207702888583	10	10	"House"	"No"	0
14	0.462277091906722	10	10	"House"	"No"	0
15	0.678571428571429	10	10	"House"	"No"	0
1	0.481481481481481	11	11	"House"	"No"	0
2	0.454732510288066	11	11	"House"	"No"	0
3	0.942994505494505	11	11	"House"	"No"	0
4	0.48079561042524	11	11	"House"	"No"	0
5	0.46978021978022	11	11	"House"	"No"	0
6	0.625171939477304	11	11	"House"	"No"	0
7	0.722107438016529	11	11	"House"	"No"	0
8	NA	11	11	"House"	"No"	0
9	0.672733516483517	11	11	"House"	"No"	0
10	0.695741758241758	11	11	"House"	"No"	0
11	0.610497237569061	11	11	"House"	"No"	0
12	0.488292011019284	11	11	"House"	"No"	0
13	NA	11	11	"House"	"No"	0
14	0.576101928374656	11	11	"House"	"No"	0
15	0.495884773662551	11	11	"House"	"No"	0
1	0.638927097661623	12	12	"House"	"No"	0
2	0.474622770919067	12	12	"House"	"No"	0
3	0.493827160493827	12	12	"House"	"No"	0
4	0.491769547325103	12	12	"House"	"No"	0
5	0.487620357634113	12	12	"House"	"No"	0
6	0.47119341563786	12	12	"House"	"No"	0
7	0.594452086198991	12	12	"House"	"No"	0
8	0.466299862448418	12	12	"House"	"No"	0
9	0.715315934065934	12	12	"House"	"No"	0
10	0.549070247933884	12	12	"House"	"No"	0
11	0.736607142857143	12	12	"House"	"No"	0
12	0.45260989010989	12	12	"House"	"No"	0
13	0.490384615384615	12	12	"House"	"No"	0
14	0.466299862448418	12	12	"House"	"No"	0
15	0.462861072902338	12	12	"House"	"No"	0
1	0.828060522696011	13	13	"House"	"No"	0
2	0.460219478737997	13	13	"House"	"No"	0
3	0.488340192043896	13	13	"House"	"No"	0
4	0.490384615384615	13	13	"House"	"No"	0
5	0.584366391184573	13	13	"House"	"No"	0
6	0.801008711600183	13	13	"House"	"No"	0
7	0.495192307692308	13	13	"House"	"No"	0
8	0.470467032967033	13	13	"House"	"No"	0
9	0.493141289437586	13	13	"House"	"No"	0
10	0.450549450549451	13	13	"House"	"No"	0
11	0.472489683631362	13	13	"House"	"No"	0
12	0.460110041265475	13	13	"House"	"No"	0
13	0.482118294360385	13	13	"House"	"No"	0
14	0.491059147180193	13	13	"House"	"No"	0
15	0.482806052269601	13	13	"House"	"No"	0
1	0.484203296703297	14	14	"House"	"No"	0
2	0.491769547325103	14	14	"House"	"No"	0
3	0.488308115543329	14	14	"House"	"No"	0
4	0.490358126721763	14	14	"House"	"No"	0
5	0.490344827586207	14	14	"House"	"No"	0
6	0.693181818181818	14	14	"House"	"No"	0
7	NA	14	14	"House"	"No"	0
8	0.448489010989011	14	14	"House"	"No"	0
9	0.73385989010989	14	14	"House"	"No"	0
10	0.493141289437586	14	14	"House"	"No"	0
11	0.977366255144033	14	14	"House"	"No"	0
12	0.596590909090909	14	14	"House"	"No"	0
13	0.49656121045392	14	14	"House"	"No"	0
14	0.462962962962963	14	14	"House"	"No"	0
15	0.97599451303155	14	14	"House"	"No"	0
1	0.497936726272352	15	15	"House"	"No"	0
2	0.497252747252747	15	15	"House"	"No"	0
3	0.486263736263736	15	15	"House"	"No"	0
4	0.481456043956044	15	15	"House"	"No"	0
5	0.480742778541953	15	15	"House"	"No"	0
6	0.456730769230769	15	15	"House"	"No"	0
7	0.473251028806584	15	15	"House"	"No"	0
8	0.487620357634113	15	15	"House"	"No"	0
9	0.464924346629986	15	15	"House"	"No"	0
10	0.493141289437586	15	15	"House"	"No"	0
11	0.698489010989011	15	15	"House"	"No"	0
12	NA	15	15	"House"	"No"	0
13	0.489010989010989	15	15	"House"	"No"	0
14	NA	15	15	"House"	"No"	0
15	0.487603305785124	15	15	"House"	"No"	0
1	0.428473177441541	1	1	"House"	"No"	0.7
2	0.579561042524006	1	1	"House"	"No"	0.7
3	NA	1	1	"House"	"No"	0.7
4	0.5	0	1	"House"	"No"	0.7
5	NA	1	1	"House"	"No"	0.7
6	0.42032967032967	1	1	"House"	"No"	0.7
7	0.5	0	1	"House"	"No"	0.7
8	0.5	0	1	"House"	"No"	0.7
9	0.5	0	1	"House"	"No"	0.7
10	0.5	0	1	"House"	"No"	0.7
11	0.5	0	1	"House"	"No"	0.7
12	NA	0	1	"House"	"No"	0.7
13	0.552685950413223	1	1	"House"	"No"	0.7
14	0.556818181818182	1	1	"House"	"No"	0.7
15	0.588262265016048	1	1	"House"	"No"	0.7
1	0.5	0	2	"House"	"No"	0.7
2	0.5	0	2	"House"	"No"	0.7
3	0.426308539944904	2	2	"House"	"No"	0.7
4	0.5	0	2	"House"	"No"	0.7
5	0.5	0	2	"House"	"No"	0.7
6	0.5	0	2	"House"	"No"	0.7
7	0.5	0	2	"House"	"No"	0.7
8	0.5	0	2	"House"	"No"	0.7
9	0.424450549450549	2	2	"House"	"No"	0.7
10	0.5	0	2	"House"	"No"	0.7
11	NA	2	2	"House"	"No"	0.7
12	NA	2	2	"House"	"No"	0.7
13	0.0754458161865569	2	2	"House"	"No"	0.7
14	0.5	0	2	"House"	"No"	0.7
15	0.5	0	2	"House"	"No"	0.7
1	0.938957475994513	3	3	"House"	"No"	0.7
2	0.735192837465565	3	3	"House"	"No"	0.7
3	0.484869325997249	3	3	"House"	"No"	0.7
4	0.5	0	3	"House"	"No"	0.7
5	0.5	0	3	"House"	"No"	0.7
6	0.561898211829436	3	3	"House"	"No"	0.7
7	0.588598901098901	3	3	"House"	"No"	0.7
8	0.438873626373626	3	3	"House"	"No"	0.7
9	0.580467675378267	3	3	"House"	"No"	0.7
10	NA	3	3	"House"	"No"	0.7
11	0.0898491083676269	3	3	"House"	"No"	0.7
12	0.517193947730399	3	3	"House"	"No"	0.7
13	0.503434065934066	3	3	"House"	"No"	0.7
14	0.5	0	3	"House"	"No"	0.7
15	0.550824175824176	3	3	"House"	"No"	0.7
1	0.543328748280605	4	4	"House"	"No"	0.7
2	0.598349381017882	4	4	"House"	"No"	0.7
3	0.622085048010974	4	4	"House"	"No"	0.7
4	0.613324175824176	4	4	"House"	"No"	0.7
5	0.579201101928375	4	4	"House"	"No"	0.7
6	0.56808803301238	4	4	"House"	"No"	0.7
7	0.324519230769231	4	4	"House"	"No"	0.7
8	0.527510316368638	4	4	"House"	"No"	0.7
9	0.567493112947658	4	4	"House"	"No"	0.7
10	0.63443072702332	4	4	"House"	"No"	0.7
11	0.580932784636488	4	4	"House"	"No"	0.7
12	0.550824175824176	4	4	"House"	"No"	0.7
13	0.599587912087912	4	4	"House"	"No"	0.7
14	0.708104395604396	4	4	"House"	"No"	0.7
15	0.653370013755158	4	4	"House"	"No"	0.7
1	0.483264557542412	5	5	"House"	"No"	0.7
2	0.627572016460905	5	5	"House"	"No"	0.7
3	0.664148351648352	5	5	"House"	"No"	0.7
4	0.45467032967033	5	5	"House"	"No"	0.7
5	0.40702479338843	5	5	"House"	"No"	0.7
6	NA	5	5	"House"	"No"	0.7
7	0.315590659340659	5	5	"House"	"No"	0.7
8	0.578404401650619	5	5	"House"	"No"	0.7
9	0.593278463648834	5	5	"House"	"No"	0.7
10	0.358321870701513	5	5	"House"	"No"	0.7
11	0.504807692307692	5	5	"House"	"No"	0.7
12	0.582530949105915	5	5	"House"	"No"	0.7
13	0.605082417582418	5	5	"House"	"No"	0.7
14	0.616231086657497	5	5	"House"	"No"	0.7
15	0.513736263736264	5	5	"House"	"No"	0.7
1	0.452463167587477	6	6	"House"	"No"	0.7
2	0.700137551581843	6	6	"House"	"No"	0.7
3	NA	6	6	"House"	"No"	0.7
4	0.0309065934065934	6	6	"House"	"No"	0.7
5	0.573655172413793	6	6	"House"	"No"	0.7
6	0.415405777166437	6	6	"House"	"No"	0.7
7	0.256533700137552	6	6	"House"	"No"	0.7
8	0.422741861531408	6	6	"House"	"No"	0.7
9	0.111950549450549	6	6	"House"	"No"	0.7
10	0.647555096418733	6	6	"House"	"No"	0.7
11	0.451923076923077	6	6	"House"	"No"	0.7
12	0.497942386831276	6	6	"House"	"No"	0.7
13	0.626373626373626	6	6	"House"	"No"	0.7
14	0.60989010989011	6	6	"House"	"No"	0.7
15	0.34581043956044	6	6	"House"	"No"	0.7
1	0.923868312757202	7	7	"House"	"No"	0.7
2	0.63923182441701	7	7	"House"	"No"	0.7
3	0.636675824175824	7	7	"House"	"No"	0.7
4	0.421366345712976	7	7	"House"	"No"	0.7
5	0.478220999541495	7	7	"House"	"No"	0.7
6	0.393887362637363	7	7	"House"	"No"	0.7
7	0.48551724137931	6	7	"House"	"No"	0.7
8	0.398008241758242	7	7	"House"	"No"	0.7
9	0.954046639231824	7	7	"House"	"No"	0.7
10	0.258517495395948	7	7	"House"	"No"	0.7
11	0.958104395604396	7	7	"House"	"No"	0.7
12	0.39010989010989	7	7	"House"	"No"	0.7
13	0.333104395604396	7	7	"House"	"No"	0.7
14	0.629807692307692	7	7	"House"	"No"	0.7
15	0.482610192837466	7	7	"House"	"No"	0.7
1	NA	8	8	"House"	"No"	0.7
2	0.553645116918845	8	8	"House"	"No"	0.7
3	0.449724517906336	8	8	"House"	"No"	0.7
4	0.578983516483517	8	8	"House"	"No"	0.7
5	0.95679012345679	8	8	"House"	"No"	0.7
6	0.644917582417582	8	8	"House"	"No"	0.7
7	0.642661179698217	8	8	"House"	"No"	0.7
8	0.60782967032967	8	8	"House"	"No"	0.7
9	0.633744855967078	8	8	"House"	"No"	0.7
10	0.462173314993122	8	8	"House"	"No"	0.7
11	0.638927097661623	8	8	"House"	"No"	0.7
12	0.389766483516484	8	8	"House"	"No"	0.7
13	0.926510989010989	8	8	"House"	"No"	0.7
14	0.429390187987162	8	8	"House"	"No"	0.7
15	0.324827586206897	8	8	"House"	"No"	0.7
1	0.622770919067215	9	9	"House"	"No"	0.7
2	0.385989010989011	9	9	"House"	"No"	0.7
3	0.93878954607978	9	9	"House"	"No"	0.7
4	0.69050894085282	9	9	"House"	"No"	0.7
5	0.639917695473251	9	9	"House"	"No"	0.7
6	0.166895604395604	9	9	"House"	"No"	0.7
7	NA	9	9	"House"	"No"	0.7
8	0.433195592286501	9	9	"House"	"No"	0.7
9	0.444903581267218	9	9	"House"	"No"	0.7
10	0.458104395604396	9	9	"House"	"No"	0.7
11	0.769574175824176	9	9	"House"	"No"	0.7
12	0.548725895316804	9	9	"House"	"No"	0.7
13	0.583218707015131	9	9	"House"	"No"	0.7
14	NA	9	9	"House"	"No"	0.7
15	0.621212121212121	9	9	"House"	"No"	0.7
1	0.351648351648352	10	10	"House"	"No"	0.7
2	0.533012379642366	10	10	"House"	"No"	0.7
3	0.667352537722908	10	10	"House"	"No"	0.7
4	0.0960219478737997	10	10	"House"	"No"	0.7
5	0.59271978021978	10	10	"House"	"No"	0.7
6	0.599862258953168	10	10	"House"	"No"	0.7
7	0.239368998628258	10	10	"House"	"No"	0.7
8	0.510087116001834	10	10	"House"	"No"	0.7
9	0.648760330578512	10	10	"House"	"No"	0.7
10	0.584137931034483	10	10	"House"	"No"	0.7
11	0.636675824175824	10	10	"House"	"No"	0.7
12	NA	10	10	"House"	"No"	0.7
13	0.324519230769231	10	10	"House"	"No"	0.7
14	0.447802197802198	10	10	"House"	"No"	0.7
15	0.614697802197802	10	10	"House"	"No"	0.7
1	0.635302197802198	11	11	"House"	"No"	0.7
2	0.306740027510316	11	11	"House"	"No"	0.7
3	NA	11	11	"House"	"No"	0.7
4	0.616071428571429	11	11	"House"	"No"	0.7
5	NA	11	11	"House"	"No"	0.7
6	0.780146721687299	11	11	"House"	"No"	0.7
7	0.60082304526749	11	11	"House"	"No"	0.7
8	0.401785714285714	11	11	"House"	"No"	0.7
9	0.464827586206897	11	11	"House"	"No"	0.7
10	0.591002747252747	11	11	"House"	"No"	0.7
11	0.503099173553719	11	11	"House"	"No"	0.7
12	0.973936899862826	11	11	"House"	"No"	0.7
13	0.548725895316804	11	11	"House"	"No"	0.7
14	0.42801467216873	11	11	"House"	"No"	0.7
15	0.510674931129477	11	11	"House"	"No"	0.7
1	0.659340659340659	12	12	"House"	"No"	0.7
2	0.679258241758242	12	12	"House"	"No"	0.7
3	0.691620879120879	12	12	"House"	"No"	0.7
4	NA	12	12	"House"	"No"	0.7
5	0.219478737997257	12	12	"House"	"No"	0.7
6	0.660027472527473	12	12	"House"	"No"	0.7
7	0.609159779614325	12	12	"House"	"No"	0.7
8	0.407623626373626	12	12	"House"	"No"	0.7
9	0.606995884773663	12	12	"House"	"No"	0.7
10	0.103566529492455	12	12	"House"	"No"	0.7
11	0.531178358551123	12	12	"House"	"No"	0.7
12	0.57201646090535	12	12	"House"	"No"	0.7
13	0.650205761316872	12	12	"House"	"No"	0.7
14	0.330206896551724	12	12	"House"	"No"	0.7
15	0.625686813186813	12	12	"House"	"No"	0.7
1	NA	13	13	"House"	"No"	0.7
2	0.716643741403026	13	13	"House"	"No"	0.7
3	0.646090534979424	13	13	"House"	"No"	0.7
4	0.265432098765432	13	13	"House"	"No"	0.7
5	0.132049518569464	13	13	"House"	"No"	0.7
6	0.367721228794131	13	13	"House"	"No"	0.7
7	0.667011019283747	13	13	"House"	"No"	0.7
8	0.667125171939477	13	13	"House"	"No"	0.7
9	0.196428571428571	13	13	"House"	"No"	0.7
10	0.182441700960219	13	13	"House"	"No"	0.7
11	NA	13	13	"House"	"No"	0.7
12	0.474244505494505	13	13	"House"	"No"	0.7
13	0.589163237311385	13	13	"House"	"No"	0.7
14	0.234203296703297	13	13	"House"	"No"	0.7
15	0.706327372764787	13	13	"House"	"No"	0.7
1	0.621399176954732	14	14	"House"	"No"	0.7
2	0.43629476584022	14	14	"House"	"No"	0.7
3	0.48282967032967	14	14	"House"	"No"	0.7
4	0.703576341127923	14	14	"House"	"No"	0.7
5	0.385602934433746	14	14	"House"	"No"	0.7
6	0.380524861878453	14	14	"House"	"No"	0.7
7	0.682506887052342	14	14	"House"	"No"	0.7
8	0.670096021947874	14	14	"House"	"No"	0.7
9	0.646090534979424	14	14	"House"	"No"	0.7
10	0.771291208791209	14	14	"House"	"No"	0.7
11	0.560778236914601	14	14	"House"	"No"	0.7
12	0.278771205868867	14	14	"House"	"No"	0.7
13	0.244965517241379	14	14	"House"	"No"	0.7
14	0.779835390946502	14	14	"House"	"No"	0.7
15	0.89917695473251	14	14	"House"	"No"	0.7
1	0.692729766803841	15	15	"House"	"No"	0.7
2	0.223593964334705	15	15	"House"	"No"	0.7
3	0.458104395604396	15	15	"House"	"No"	0.7
4	0.533470884915177	15	15	"House"	"No"	0.7
5	0.635116598079561	15	15	"House"	"No"	0.7
6	0.225274725274725	15	15	"House"	"No"	0.7
7	0.488078862906923	15	15	"House"	"No"	0.7
8	0.477533241632279	15	15	"House"	"No"	0.7
9	0.341081267217631	15	15	"House"	"No"	0.7
10	0.663923182441701	15	15	"House"	"No"	0.7
11	0.199449793672627	15	15	"House"	"No"	0.7
12	0.510330578512397	15	15	"House"	"No"	0.7
13	0.42067858780376	15	15	"House"	"No"	0.7
14	0.647180192572215	15	15	"House"	"No"	0.7
15	0.493112947658402	15	15	"House"	"No"	0.7
